0.000000 1.356036 1.577169 1.783721 1.725771 1.443393 1.446679 1.993431 1.548034 1.534349 1.649260 1.644210 1.990472 1.500134 1.943853 1.845570 1.388477 1.385397 1.625337 1.828571 2.075884 1.702815 1.571842 2.065960 2.021517 2.113352 1.882026 1.773767 1.681906 2.348249 1.236897 2.258660 2.083127 1.651750 1.465514 1.690819 1.413384 1.606164 1.339057 1.339794 1.657058 1.482739 1.486126 1.912611 2.156049 1.625171 1.702630 1.368180 1.611902 1.965775 1.992103 2.105500 1.619381 1.959311 1.557109 1.046057 1.724488 1.461237 1.583008 2.070886 
1.356036 0.000000 1.713483 1.733738 1.095957 1.046860 1.447824 2.147635 1.108854 1.494538 1.897300 1.878017 1.598280 1.182971 1.731980 1.781853 1.309609 1.622369 1.258446 1.992354 1.898479 1.591741 1.308213 1.763450 1.899475 2.066911 1.284454 1.326873 1.947820 2.109237 1.180985 2.013955 1.626517 1.588565 1.023022 1.775523 1.227736 1.364657 1.104210 1.285626 1.268747 1.119118 1.161511 1.851730 1.845670 1.460143 1.451451 1.280635 1.638551 1.913537 1.959478 2.124962 1.266643 1.592198 1.389125 1.328395 1.966363 1.454041 1.674684 2.156255 
1.577169 1.713483 0.000000 2.126969 1.931587 1.760995 1.967546 1.778590 1.821868 1.850927 1.848590 1.848743 2.309156 1.966727 2.001117 2.237488 2.046742 1.388603 2.064771 1.846928 2.055189 2.034634 1.989546 1.994800 2.001489 2.148099 1.875197 2.060085 1.986363 2.320463 1.796916 2.220331 2.067544 2.131913 1.955047 2.188464 1.973047 2.176094 1.917814 1.917228 2.001180 1.990074 1.994610 1.902148 2.205613 1.872541 2.001587 1.884071 1.987781 1.836294 1.982898 2.124270 2.063018 2.109320 2.088287 1.715032 2.148108 2.059055 2.004537 2.083969 
1.783721 1.733738 2.126969 0.000000 1.765440 1.635272 1.584154 1.864252 1.669064 1.745712 1.620085 1.602197 1.752504 1.727877 1.600317 1.960748 1.806216 2.019811 1.438063 1.952948 2.148371 1.542954 1.474267 1.670925 1.862640 1.957355 1.532075 1.513864 1.839235 2.051305 1.549958 1.738818 1.445175 1.912821 1.643031 1.609426 1.667602 1.750827 1.738681 1.475148 1.664865 1.569442 1.730254 1.607510 1.765843 1.413938 1.812629 1.577063 1.805199 1.987673 1.803175 2.081268 1.999256 1.374237 1.854513 1.668307 1.988072 1.797416 1.985103 2.211244 
1.725771 1.095957 1.931587 1.765440 0.000000 1.222241 1.576231 2.169324 0.998491 1.437990 1.924848 1.918278 1.805010 1.543262 1.607430 1.796383 1.531269 1.877151 1.360694 2.031458 1.974241 1.490226 1.418221 1.689187 1.810969 1.869936 1.579369 1.254695 1.977240 1.989296 1.312375 1.882824 1.616813 1.958949 1.429656 2.006843 1.604731 1.602207 1.385496 1.402694 1.284079 1.456348 1.284406 1.874057 1.879157 1.414226 1.773512 1.300962 1.941129 1.939076 1.908139 2.123525 1.570264 1.372193 1.670581 1.600666 1.985160 1.780672 1.913998 2.053185 
1.443393 1.046860 1.760995 1.635272 1.222241 0.000000 1.272643 1.866614 1.256119 1.746054 1.761176 1.756241 1.652064 1.406649 1.637921 1.872155 1.325405 1.930354 1.355645 1.908546 1.925530 1.492862 1.056738 1.621880 1.922927 1.915981 1.649345 1.486091 1.853436 1.886578 1.400033 1.780778 1.621606 1.507639 1.172702 1.683420 1.164539 1.373692 1.496333 1.412197 1.496269 1.110134 1.208098 2.056288 1.886151 1.597855 1.513181 1.198066 1.800481 1.904874 1.856891 2.000545 1.446117 1.616049 1.754256 1.577310 1.953387 1.630846 1.817631 2.029371 
1.446679 1.447824 1.967546 1.584154 1.576231 1.272643 0.000000 1.797651 1.472277 1.861104 1.454960 1.457503 1.825195 1.237750 1.892176 1.904240 1.523362 1.881599 1.272980 1.727883 2.264491 1.311665 0.962993 2.011204 2.109038 2.153374 1.905957 1.300432 1.569210 2.153095 1.238506 2.085705 1.492342 1.581958 1.239093 1.526100 1.123036 1.330827 1.447302 0.973912 1.455693 1.103739 1.159971 1.943064 1.880135 1.578267 1.421276 0.945050 1.677631 2.169786 2.028599 2.046105 1.663390 1.891422 1.643176 1.357154 1.709404 1.599470 1.753682 2.004626 
1.993431 2.147635 1.778590 1.864252 2.169324 1.866614 1.797651 0.000000 2.171855 2.181063 1.065593 1.109963 1.993269 2.113567 1.920774 2.354872 1.987066 1.866352 1.830071 1.028113 2.459851 1.688370 1.564368 2.194985 2.414202 2.212658 2.340416 1.962713 1.312481 2.257565 2.092076 2.259465 1.964309 2.075116 1.993942 1.477894 1.989159 1.893764 2.138516 1.789374 2.094777 1.881958 1.878040 2.294314 2.038722 2.089891 1.934544 1.734762 1.513422 2.438554 2.098803 2.079523 2.165103 2.255841 2.150007 1.824473 1.667828 2.108486 1.888321 2.158946 
1.548034 1.108854 1.821868 1.669064 0.998491 1.256119 1.472277 2.171855 0.000000 1.406105 1.951548 1.944890 1.759453 1.369762 1.490860 1.776536 1.612878 1.919019 1.236482 2.107239 1.849838 1.368046 1.485423 1.803169 1.830591 1.995309 1.476375 0.995774 1.999252 1.879471 1.260248 1.998411 1.372003 1.857897 1.292204 2.021892 1.423442 1.580619 1.380904 1.452948 1.287732 1.412984 1.407647 1.915808 1.773874 1.349237 1.673764 1.379855 1.994766 1.876542 1.715491 2.091680 1.492867 1.492837 1.842368 1.564482 2.049585 1.840357 2.029348 2.156904 
1.534349 1.494538 1.850927 1.745712 1.437990 1.746054 1.861104 2.181063 1.406105 0.000000 1.892234 1.881826 1.765668 1.700576 1.717334 1.530132 1.663701 1.701096 1.547087 2.039287 2.292141 1.492121 1.669339 1.907734 2.164964 2.045149 1.801833 1.356765 1.904580 2.276253 1.361875 2.013186 1.839781 1.829227 1.695297 2.056820 1.807361 1.750350 1.544632 1.723240 1.628485 1.774631 1.741380 2.027722 1.827658 1.503273 1.771049 1.812529 1.899175 2.102560 1.906313 2.279102 1.655643 1.744305 1.693520 1.647752 2.127254 1.852056 1.793963 2.160487 
1.649260 1.897300 1.848590 1.620085 1.924848 1.761176 1.454960 1.065593 1.951548 1.892234 0.000000 0.038632 1.799632 1.941803 1.838796 2.118274 1.644302 1.632061 1.626115 1.040797 2.444733 1.511814 1.495123 1.994449 2.262798 2.182781 2.182684 1.739112 1.202905 2.369529 1.847897 2.172996 1.850824 1.793375 1.810095 1.521657 1.795872 1.803744 1.930710 1.477158 1.965421 1.601838 1.587933 2.103119 2.066190 1.855992 1.617308 1.365054 1.407601 2.329938 2.110081 2.072862 1.951445 1.979295 1.917909 1.419276 1.745080 1.948853 1.493762 2.013177 
1.644210 1.878017 1.848743 1.602197 1.918278 1.756241 1.457503 1.109963 1.944890 1.881826 0.038632 0.000000 1.791105 1.938545 1.831531 2.107642 1.646212 1.631584 1.619837 1.083815 2.436755 1.512376 1.492420 1.981820 2.254198 2.174133 2.170253 1.730004 1.236976 2.361557 1.843697 2.160261 1.837029 1.794874 1.795587 1.521015 1.789725 1.800326 1.927489 1.471249 1.963880 1.597275 1.596426 2.084166 2.051606 1.844382 1.587679 1.373311 1.374388 2.321970 2.102131 2.064886 1.939920 1.969476 1.902435 1.388301 1.716973 1.931606 1.463718 2.005417 
1.990472 1.598280 2.309156 1.752504 1.805010 1.652064 1.825195 1.993269 1.759453 1.765668 1.799632 1.791105 0.000000 1.671051 1.794611 1.473962 1.669707 2.250709 1.470177 1.756515 2.145768 1.740598 1.527412 2.086812 2.102946 2.211668 2.051531 1.579522 1.797133 1.998567 1.699565 2.158734 1.680368 1.456596 1.530620 1.296086 1.610642 1.865645 1.717570 1.815774 1.592146 1.646749 1.693954 2.276395 2.005255 1.999326 1.698302 1.685454 1.827343 2.180770 2.063774 2.179899 1.676824 1.948078 1.578175 2.059592 1.841578 1.677686 1.653624 2.240089 
1.500134 1.182971 1.966727 1.727877 1.543262 1.406649 1.237750 2.113567 1.369762 1.700576 1.941803 1.938545 1.671051 0.000000 1.852749 1.543674 1.461793 1.922868 1.222012 2.057775 2.206025 1.504318 1.315042 2.060579 2.042951 2.202525 1.719886 1.209555 1.847133 2.100938 0.976102 2.185404 1.702028 1.615324 0.944875 1.771581 0.736380 1.041097 1.198963 1.314473 1.239613 1.090575 1.233869 2.001684 1.954733 1.546457 1.231832 1.370994 1.929172 2.183288 2.070024 2.277216 1.447609 1.946322 1.613487 1.562481 1.724331 1.522471 1.879584 2.290776 
1.943853 1.731980 2.001117 1.600317 1.607430 1.637921 1.892176 1.920774 1.490860 1.717334 1.838796 1.831531 1.794611 1.852749 0.000000 1.930191 2.024584 2.134157 1.601138 1.918610 2.046369 1.623796 1.518818 1.882231 1.926256 1.905633 1.605846 1.594388 2.045174 1.955639 1.854865 1.857780 1.243742 2.018377 1.771107 1.913757 1.791739 1.858256 1.808667 1.826495 1.643092 1.852324 1.689743 1.891577 1.706727 1.701541 1.863673 1.709527 1.949929 1.774748 1.770122 1.976005 1.954456 1.214741 1.998694 1.973669 2.105793 1.943328 2.013108 2.273742 
1.845570 1.781853 2.237488 1.960748 1.796383 1.872155 1.904240 2.354872 1.776536 1.530132 2.118274 2.107642 1.473962 1.543674 1.930191 0.000000 1.834636 2.140162 1.760727 2.282700 2.113929 1.820613 1.858782 1.959167 2.082792 1.909316 2.000791 1.706020 2.162058 2.034574 1.743391 2.030097 1.856037 1.819655 1.342376 1.971577 1.546157 1.840842 1.641465 1.990069 1.778273 1.870053 1.860067 2.177383 1.954203 1.934581 1.752900 1.950812 2.244675 1.999784 1.987543 2.276740 1.744192 1.942350 1.952019 1.908455 2.005141 1.793906 1.958742 2.289059 
1.388477 1.309609 2.046742 1.806216 1.531269 1.325405 1.523362 1.987066 1.612878 1.663701 1.644302 1.646212 1.669707 1.461793 2.024584 1.834636 0.000000 1.559492 1.511148 1.848343 1.995130 1.615192 1.282251 1.819185 1.941510 1.799068 1.920787 1.693854 1.556002 2.058094 1.432697 2.020844 2.011643 1.482429 1.421592 1.609495 1.414906 1.312434 1.405429 1.359022 1.566584 1.169369 1.267491 2.031215 1.979501 1.876354 1.660744 1.287086 1.762623 2.050704 1.893466 1.892593 1.283538 1.948433 1.438229 1.529157 1.823350 1.497117 1.714814 2.096857 
1.385397 1.622369 1.388603 2.019811 1.877151 1.930354 1.881599 1.866352 1.919019 1.701096 1.632061 1.631584 2.250709 1.922868 2.134157 2.140162 1.559492 0.000000 2.040094 1.752191 2.045275 2.060143 1.950625 1.972498 2.029835 2.088504 1.645976 2.032767 1.724369 2.371123 1.624796 2.102377 2.268854 1.914806 1.944163 2.123595 1.922497 1.954293 1.670213 1.804639 1.887003 1.796926 1.887140 1.860573 2.108363 1.779945 1.931080 1.891037 1.679980 2.070818 2.051756 2.105255 1.816838 1.975350 1.681367 1.368010 2.054794 1.876503 1.726151 2.203484 
1.625337 1.258446 2.064771 1.438063 1.360694 1.355645 1.272980 1.830071 1.236482 1.547087 1.626115 1.619837 1.470177 1.222012 1.601138 1.760727 1.511148 2.040094 0.000000 1.840103 2.250117 1.160928 0.987669 2.036628 2.031793 2.217122 1.721948 1.016907 1.777022 2.061158 1.180432 2.153655 1.357801 1.611939 1.159425 1.652364 1.218047 1.187680 1.097675 0.936683 0.949372 1.132947 1.073882 2.072444 1.921362 1.467656 1.371187 0.971818 1.783529 2.223719 1.955355 2.200631 1.468148 1.719699 1.655804 1.622609 1.922538 1.698814 2.025597 2.157541 
1.828571 1.992354 1.846928 1.952948 2.031458 1.908546 1.727883 1.028113 2.107239 2.039287 1.040797 1.083815 1.756515 2.057775 1.918610 2.282700 1.848343 1.752191 1.840103 0.000000 2.427379 1.815016 1.636936 2.278652 2.435289 2.321038 2.287030 1.908411 0.964141 2.406112 1.934512 2.366860 2.101493 1.869621 1.989318 1.618914 1.946949 1.953907 1.920534 1.502873 1.888704 1.667865 1.629565 2.258161 2.089285 2.028240 1.789746 1.539399 1.163049 2.402120 2.192668 2.133763 2.080526 2.156440 1.874739 1.537577 1.685016 1.939338 1.482263 2.108246 
2.075884 1.898479 2.055189 2.148371 1.974241 1.925530 2.264491 2.459851 1.849838 2.292141 2.444733 2.436755 2.145768 2.206025 2.046369 2.113929 1.995130 2.045275 2.250117 2.427379 0.000000 2.195387 2.179605 1.677910 1.358442 1.512910 1.567579 2.208977 2.459578 1.342827 2.264197 2.056550 1.917624 2.216360 2.065583 2.251791 2.114864 2.359781 2.078260 2.291854 2.174188 2.184205 2.224442 1.744093 2.341512 2.064051 2.270300 2.173402 2.309156 1.451920 1.387921 1.611411 2.221758 1.833695 2.241291 2.234819 2.363056 2.073149 2.223660 2.304797 
1.702815 1.591741 2.034634 1.542954 1.490226 1.492862 1.311665 1.688370 1.368046 1.492121 1.511814 1.512376 1.740598 1.504318 1.623796 1.820613 1.615192 2.060143 1.160928 1.815016 2.195387 0.000000 1.102190 1.843145 2.195134 2.182155 1.975126 1.178955 1.785303 2.154147 1.448802 2.128476 1.610859 1.914448 1.613113 1.572330 1.614162 1.390794 1.476573 1.345867 1.350859 1.457136 1.399843 1.831065 1.721789 1.325099 1.664895 1.246138 1.698825 2.179047 2.043046 2.155906 1.754594 1.948692 1.754939 1.753521 1.915951 1.834906 1.925596 1.957646 
1.571842 1.308213 1.989546 1.474267 1.418221 1.056738 0.962993 1.564368 1.485423 1.669339 1.495123 1.492420 1.527412 1.315042 1.518818 1.858782 1.282251 1.950625 0.987669 1.636936 2.179605 1.102190 0.000000 1.862170 2.133701 2.178336 1.841360 1.276440 1.651579 2.021147 1.274994 1.964967 1.504714 1.551768 1.210671 1.325708 1.217728 1.051127 1.239497 1.126350 1.226263 1.066325 0.904516 1.986923 1.666710 1.503773 1.393795 0.844593 1.605100 2.108620 2.009570 2.126272 1.470788 1.836624 1.565133 1.597800 1.710201 1.539012 1.742937 1.918518 
2.065960 1.763450 1.994800 1.670925 1.689187 1.621880 2.011204 2.194985 1.803169 1.907734 1.994449 1.981820 2.086812 2.060579 1.882231 1.959167 1.819185 1.972498 2.036628 2.278652 1.677910 1.843145 1.862170 0.000000 1.497259 1.386461 1.398497 2.005634 2.194075 1.667834 1.949616 1.076934 1.829727 2.116788 1.951418 2.185223 1.998377 2.171580 1.929153 2.070852 2.031857 2.038984 2.064917 1.238904 1.955818 1.704136 2.181826 2.028981 2.224061 1.806126 1.417004 1.948382 2.112122 1.580772 1.990267 1.996510 2.264501 1.912744 2.077240 2.070512 
2.021517 1.899475 2.001489 1.862640 1.810969 1.922927 2.109038 2.414202 1.830591 2.164964 2.262798 2.254198 2.102946 2.042951 1.926256 2.082792 1.941510 2.029835 2.031793 2.435289 1.358442 2.195134 2.133701 1.497259 0.000000 1.345190 1.345189 2.085383 2.397133 1.588724 2.013648 1.755786 1.794480 1.996378 1.930553 2.179316 1.946207 2.274284 1.951421 2.161538 2.046726 2.146761 2.205095 1.630712 2.314012 1.948189 2.244489 2.106987 2.410605 1.474592 1.386575 1.844581 2.141627 1.596014 2.105144 2.135544 2.290262 1.923642 2.228564 2.267304 
2.113352 2.066911 2.148099 1.957355 1.869936 1.915981 2.153374 2.212658 1.995309 2.045149 2.182781 2.174133 2.211668 2.202525 1.905633 1.909316 1.799068 2.088504 2.217122 2.321038 1.512910 2.182155 2.178336 1.386461 1.345190 0.000000 1.691659 2.201954 2.297987 1.286646 2.173506 1.523610 1.972270 2.045861 2.087752 2.331618 2.084299 2.410162 2.155313 2.214187 2.132134 2.149670 2.163469 1.712436 2.121315 2.048143 2.307161 2.207509 2.354673 1.806267 1.167311 1.651463 2.132940 1.617569 2.210564 2.209036 2.293004 2.101520 2.269863 2.279171 
1.882026 1.284454 1.875197 1.532075 1.579369 1.649345 1.905957 2.340416 1.476375 1.801833 2.182684 2.170253 2.051531 1.719886 1.605846 2.000791 1.920787 1.645976 1.721948 2.287030 1.567579 1.975126 1.841360 1.398497 1.345189 1.691659 0.000000 1.692956 2.260911 1.801132 1.623446 1.451005 1.651688 2.014901 1.649239 2.203849 1.691366 1.878119 1.434481 1.785587 1.614384 1.712990 1.766743 1.517020 1.929597 1.589173 1.888786 1.838405 2.009381 1.694165 1.566004 2.073723 1.862880 1.222394 1.821811 1.622788 2.076412 1.626780 2.064265 2.337319 
1.773767 1.326873 2.060085 1.513864 1.254695 1.486091 1.300432 1.962713 0.995774 1.356765 1.739112 1.730004 1.579522 1.209555 1.594388 1.706020 1.693854 2.032767 1.016907 1.908411 2.208977 1.178955 1.276440 2.005634 2.085383 2.201954 1.692956 0.000000 1.780412 2.070936 1.319787 2.097403 1.283852 1.714404 1.308522 1.841959 1.341988 1.412973 1.433464 1.381299 1.225340 1.327641 1.341156 2.012433 1.555908 1.332003 1.486534 1.345126 1.911934 2.190620 1.974813 2.248905 1.522415 1.704447 1.867102 1.697544 1.845697 1.765849 2.061853 2.095859 
1.681906 1.947820 1.986363 1.839235 1.977240 1.853436 1.569210 1.312481 1.999252 1.904580 1.202905 1.236976 1.797133 1.847133 2.045174 2.162058 1.556002 1.724369 1.777022 0.964141 2.459578 1.785303 1.651579 2.194075 2.397133 2.297987 2.260911 1.780412 0.000000 2.404746 1.659399 2.222450 2.067011 1.786115 1.862738 1.554320 1.817420 1.714609 1.905959 1.540757 1.786519 1.664846 1.649095 2.133362 1.959296 1.831858 1.601326 1.540122 1.171061 2.449587 2.230916 2.150024 1.825601 2.082505 1.822489 1.302392 1.420857 1.928856 1.457318 2.036977 
2.348249 2.109237 2.320463 2.051305 1.989296 1.886578 2.153095 2.257565 1.879471 2.276253 2.369529 2.361557 1.998567 2.100938 1.955639 2.034574 2.058094 2.371123 2.061158 2.406112 1.342827 2.154147 2.021147 1.667834 1.588724 1.286646 1.801132 2.070936 2.404746 0.000000 2.224868 1.804823 1.782654 1.998526 1.935099 2.200628 1.994038 2.306554 2.168771 2.267611 2.085722 2.117942 2.086207 1.777899 2.159502 2.154973 2.276540 2.142268 2.392281 1.890410 1.353932 1.604654 2.130826 1.796221 2.297353 2.313350 2.320970 2.134684 2.240365 2.325583 
1.236897 1.180985 1.796916 1.549958 1.312375 1.400033 1.238506 2.092076 1.260248 1.361875 1.847897 1.843697 1.699565 0.976102 1.854865 1.743391 1.432697 1.624796 1.180432 1.934512 2.264197 1.448802 1.274994 1.949616 2.013648 2.173506 1.623446 1.319787 1.659399 2.224868 0.000000 2.003181 1.795197 1.694615 1.154415 1.647627 1.136625 1.252540 1.024904 1.106570 1.042307 1.224890 1.296375 1.777132 1.904140 1.227737 1.450362 1.285262 1.713592 2.251506 1.955101 2.166615 1.498890 1.598491 1.386373 1.274043 1.765050 1.449884 1.854982 2.160097 
2.258660 2.013955 2.220331 1.738818 1.882824 1.780778 2.085705 2.259465 1.998411 2.013186 2.172996 2.160261 2.158734 2.185404 1.857780 2.030097 2.020844 2.102377 2.153655 2.366860 2.056550 2.128476 1.964967 1.076934 1.755786 1.523610 1.451005 2.097403 2.222450 1.804823 2.003181 0.000000 1.960752 2.237690 2.039671 2.331089 2.125037 2.175627 2.163242 2.114906 2.079928 2.062889 2.092449 1.689438 1.759862 1.868235 2.284098 2.134958 2.322881 2.056868 1.617706 2.138155 2.110455 1.468158 2.129131 2.102857 2.274019 2.101734 2.145211 2.067622 
2.083127 1.626517 2.067544 1.445175 1.616813 1.621606 1.492342 1.964309 1.372003 1.839781 1.850824 1.837029 1.680368 1.702028 1.243742 1.856037 2.011643 2.268854 1.357801 2.101493 1.917624 1.610859 1.504714 1.829727 1.794480 1.972270 1.651688 1.283852 2.067011 1.782654 1.795197 1.960752 0.000000 1.888164 1.521167 1.888380 1.590467 1.797345 1.795581 1.675881 1.635302 1.619609 1.613502 1.923637 1.623494 1.520409 1.764416 1.550389 2.189168 1.845546 1.820453 2.019176 1.940508 1.435267 2.101006 2.025484 2.057297 1.958626 2.165978 2.230364 
1.651750 1.588565 2.131913 1.912821 1.958949 1.507639 1.581958 2.075116 1.857897 1.829227 1.793375 1.794874 1.456596 1.615324 2.018377 1.819655 1.482429 1.914806 1.611939 1.869621 2.216360 1.914448 1.551768 2.116788 1.996378 2.045861 2.014901 1.714404 1.786115 1.998526 1.694615 2.237690 1.888164 0.000000 1.362708 1.551620 1.230207 1.869903 1.753671 1.676991 1.854911 1.540566 1.578600 2.225129 2.131227 2.049061 1.623693 1.555616 1.853630 2.081320 1.857831 1.984044 1.559005 2.048887 1.462368 1.710095 2.054861 1.694885 1.530955 2.084643 
1.465514 1.023022 1.955047 1.643031 1.429656 1.172702 1.239093 1.993942 1.292204 1.695297 1.810095 1.795587 1.530620 0.944875 1.771107 1.342376 1.421592 1.944163 1.159425 1.989318 2.065583 1.613113 1.210671 1.951418 1.930553 2.087752 1.649239 1.308522 1.862738 1.935099 1.154415 2.039671 1.521167 1.362708 0.000000 1.721466 0.646651 1.034933 1.194776 1.253957 1.384673 1.049621 1.220696 2.015348 1.798742 1.600467 1.221393 1.322331 1.933103 2.001949 1.908315 2.082151 1.293671 1.781357 1.729810 1.491273 1.792741 1.511855 1.948056 2.064832 
1.690819 1.775523 2.188464 1.609426 2.006843 1.683420 1.526100 1.477894 2.021892 2.056820 1.521657 1.521015 1.296086 1.771581 1.913757 1.971577 1.609495 2.123595 1.652364 1.618914 2.251791 1.572330 1.325708 2.185223 2.179316 2.331618 2.203849 1.841959 1.554320 2.200628 1.647627 2.331089 1.888380 1.551620 1.721466 0.000000 1.545008 1.816072 1.852731 1.617045 1.819645 1.538893 1.572554 2.127112 2.084022 1.928187 1.655068 1.464185 1.344169 2.229339 2.074642 2.041837 1.890949 2.114433 1.493689 1.772795 1.359360 1.579970 1.607401 2.247967 
1.413384 1.227736 1.973047 1.667602 1.604731 1.164539 1.123036 1.989159 1.423442 1.807361 1.795872 1.789725 1.610642 0.736380 1.791739 1.546157 1.414906 1.922497 1.218047 1.946949 2.114864 1.614162 1.217728 1.998377 1.946207 2.084299 1.691366 1.341988 1.817420 1.994038 1.136625 2.125037 1.590467 1.230207 0.646651 1.545008 0.000000 1.165756 1.221577 1.315398 1.400951 1.051694 1.233540 1.947046 1.996924 1.616168 1.055984 1.230009 1.906951 2.047601 1.919001 2.054225 1.517254 1.934441 1.663892 1.487634 1.706545 1.384980 1.838982 2.180667 
1.606164 1.364657 2.176094 1.750827 1.602207 1.373692 1.330827 1.893764 1.580619 1.750350 1.803744 1.800326 1.865645 1.041097 1.858256 1.840842 1.312434 1.954293 1.187680 1.953907 2.359781 1.390794 1.051127 2.171580 2.274284 2.410162 1.878119 1.412973 1.714609 2.306554 1.252540 2.175627 1.797345 1.869903 1.034933 1.816072 1.165756 0.000000 1.178745 1.151041 1.300081 1.029645 1.118061 2.187139 1.874778 1.605201 1.309344 1.234402 1.849736 2.293826 2.353740 2.440420 1.388670 1.939824 1.785375 1.495527 1.708633 1.596536 1.977234 2.330530 
1.339057 1.104210 1.917814 1.738681 1.385496 1.496333 1.447302 2.138516 1.380904 1.544632 1.930710 1.927489 1.717570 1.198963 1.808667 1.641465 1.405429 1.670213 1.097675 1.920534 2.078260 1.476573 1.239497 1.929153 1.951421 2.155313 1.434481 1.433464 1.905959 2.168771 1.024904 2.163242 1.795581 1.753671 1.194776 1.852731 1.221577 1.178745 0.000000 1.155825 1.079388 1.247235 1.261238 1.801779 1.981987 1.507169 1.445039 1.294394 1.650778 1.973533 1.971326 2.249585 1.503383 1.762926 1.461972 1.187391 1.806831 1.242793 1.925169 2.230991 
1.339794 1.285626 1.917228 1.475148 1.402694 1.412197 0.973912 1.789374 1.452948 1.723240 1.477158 1.471249 1.815774 1.314473 1.826495 1.990069 1.359022 1.804639 0.936683 1.502873 2.291854 1.345867 1.126350 2.070852 2.161538 2.214187 1.785587 1.381299 1.540757 2.267611 1.106570 2.114906 1.675881 1.676991 1.253957 1.617045 1.315398 1.151041 1.155825 0.000000 1.181125 0.946509 0.935522 1.952760 2.007293 1.537127 1.422139 0.796429 1.479275 2.258985 2.093985 2.135827 1.538108 1.760060 1.409000 1.212880 1.746772 1.545877 1.751054 2.170309 
1.657058 1.268747 2.001180 1.664865 1.284079 1.496269 1.455693 2.094777 1.287732 1.628485 1.965421 1.963880 1.592146 1.239613 1.643092 1.778273 1.566584 1.887003 0.949372 1.888704 2.174188 1.350859 1.226263 2.031857 2.046726 2.132134 1.614384 1.225340 1.786519 2.085722 1.042307 2.079928 1.635302 1.854911 1.384673 1.819645 1.400951 1.300081 1.079388 1.181125 0.000000 1.234959 1.153172 1.932380 1.843722 1.395351 1.554004 1.210614 1.757952 2.194726 2.036932 2.287465 1.555819 1.614604 1.639522 1.600277 1.898977 1.646042 1.926763 2.308089 
1.482739 1.119118 1.990074 1.569442 1.456348 1.110134 1.103739 1.881958 1.412984 1.774631 1.601838 1.597275 1.646749 1.090575 1.852324 1.870053 1.169369 1.796926 1.132947 1.667865 2.184205 1.457136 1.066325 2.038984 2.146761 2.149670 1.712990 1.327641 1.664846 2.117942 1.224890 2.062889 1.619609 1.540566 1.049621 1.538893 1.051694 1.029645 1.247235 0.946509 1.234959 0.000000 0.881911 2.127802 1.864434 1.609457 1.068456 0.925743 1.663154 2.150894 2.089269 2.215432 1.378510 1.770910 1.573767 1.389562 1.745832 1.533229 1.751021 2.232745 
1.486126 1.161511 1.994610 1.730254 1.284406 1.208098 1.159971 1.878040 1.407647 1.741380 1.587933 1.596426 1.693954 1.233869 1.689743 1.860067 1.267491 1.887140 1.073882 1.629565 2.224442 1.399843 0.904516 2.064917 2.205095 2.163469 1.766743 1.341156 1.649095 2.086207 1.296375 2.092449 1.613502 1.578600 1.220696 1.572554 1.233540 1.118061 1.261238 0.935522 1.153172 0.881911 0.000000 2.141353 1.895000 1.680955 1.296428 0.706163 1.508407 2.171015 2.118159 2.268883 1.367617 1.777369 1.641435 1.378077 1.705003 1.582474 1.707796 2.178236 
1.912611 1.851730 1.902148 1.607510 1.874057 2.056288 1.943064 2.294314 1.915808 2.027722 2.103119 2.084166 2.276395 2.001684 1.891577 2.177383 2.031215 1.860573 2.072444 2.258161 1.744093 1.831065 1.986923 1.238904 1.630712 1.712436 1.517020 2.012433 2.133362 1.777899 1.777132 1.689438 1.923637 2.225129 2.015348 2.127112 1.947046 2.187139 1.801779 1.952760 1.932380 2.127802 2.141353 0.000000 1.848057 1.472242 2.219311 1.990284 2.113325 1.916432 1.712502 1.984411 2.259945 1.712634 1.922669 1.804418 2.060760 1.776254 2.070044 2.220192 
2.156049 1.845670 2.205613 1.765843 1.879157 1.886151 1.880135 2.038722 1.773874 1.827658 2.066190 2.051606 2.005255 1.954733 1.706727 1.954203 1.979501 2.108363 1.921362 2.089285 2.341512 1.721789 1.666710 1.955818 2.314012 2.121315 1.929597 1.555908 1.959296 2.159502 1.904140 1.759862 1.623494 2.131227 1.798742 2.084022 1.996924 1.874778 1.981987 2.007293 1.843722 1.864434 1.895000 1.848057 0.000000 1.378230 2.096280 1.973944 2.167197 2.093019 2.139348 2.192143 1.888206 1.672182 2.220597 2.024820 2.070682 2.105360 2.088201 2.108578 
1.625171 1.460143 1.872541 1.413938 1.414226 1.597855 1.578267 2.089891 1.349237 1.503273 1.855992 1.844382 1.999326 1.546457 1.701541 1.934581 1.876354 1.779945 1.467656 2.028240 2.064051 1.325099 1.503773 1.704136 1.948189 2.048143 1.589173 1.332003 1.831858 2.154973 1.227737 1.868235 1.520409 2.049061 1.600467 1.928187 1.616168 1.605201 1.507169 1.537127 1.395351 1.609457 1.680955 1.472242 1.378230 0.000000 1.786609 1.591772 1.944389 2.001558 2.013813 2.176103 1.787521 1.489570 1.755304 1.497356 1.854064 1.700528 1.849149 2.055781 
1.702630 1.451451 2.001587 1.812629 1.773512 1.513181 1.421276 1.934544 1.673764 1.771049 1.617308 1.587679 1.698302 1.231832 1.863673 1.752900 1.660744 1.931080 1.371187 1.789746 2.270300 1.664895 1.393795 2.181826 2.244489 2.307161 1.888786 1.486534 1.601326 2.276540 1.450362 2.284098 1.764416 1.623693 1.221393 1.655068 1.055984 1.309344 1.445039 1.422139 1.554004 1.068456 1.296428 2.219311 2.096280 1.786609 0.000000 1.248019 1.767416 2.062741 2.247869 2.414778 1.586198 2.038106 1.831867 1.452031 1.642516 1.721453 1.702333 2.196509 
1.368180 1.280635 1.884071 1.577063 1.300962 1.198066 0.945050 1.734762 1.379855 1.812529 1.365054 1.373311 1.685454 1.370994 1.709527 1.950812 1.287086 1.891037 0.971818 1.539399 2.173402 1.246138 0.844593 2.028981 2.106987 2.207509 1.838405 1.345126 1.540122 2.142268 1.285262 2.134958 1.550389 1.555616 1.322331 1.464185 1.230009 1.234402 1.294394 0.796429 1.210614 0.925743 0.706163 1.990284 1.973944 1.591772 1.248019 0.000000 1.435645 2.104476 2.077722 2.176123 1.573714 1.827919 1.608323 1.178108 1.643814 1.527021 1.589811 2.081832 
1.611902 1.638551 1.987781 1.805199 1.941129 1.800481 1.677631 1.513422 1.994766 1.899175 1.407601 1.374388 1.827343 1.929172 1.949929 2.244675 1.762623 1.679980 1.783529 1.163049 2.309156 1.698825 1.605100 2.224061 2.410605 2.354673 2.009381 1.911934 1.171061 2.392281 1.713592 2.322881 2.189168 1.853630 1.933103 1.344169 1.906951 1.849736 1.650778 1.479275 1.757952 1.663154 1.508407 2.113325 2.167197 1.944389 1.767416 1.435645 0.000000 2.398024 2.144380 2.149529 1.945073 2.080386 1.605708 1.269502 1.518655 1.760081 1.347580 2.258089 
1.965775 1.913537 1.836294 1.987673 1.939076 1.904874 2.169786 2.438554 1.876542 2.102560 2.329938 2.321970 2.180770 2.183288 1.774748 1.999784 2.050704 2.070818 2.223719 2.402120 1.451920 2.179047 2.108620 1.806126 1.474592 1.806267 1.694165 2.190620 2.449587 1.890410 2.251506 2.056868 1.845546 2.081320 2.001949 2.229339 2.047601 2.293826 1.973533 2.258985 2.194726 2.150894 2.171015 1.916432 2.093019 2.001558 2.062741 2.104476 2.398024 0.000000 1.887437 1.953661 2.151207 1.644716 2.175510 2.075135 2.423680 1.980206 2.217390 2.115531 
1.992103 1.959478 1.982898 1.803175 1.908139 1.856891 2.028599 2.098803 1.715491 1.906313 2.110081 2.102131 2.063774 2.070024 1.770122 1.987543 1.893466 2.051756 1.955355 2.192668 1.387921 2.043046 2.009570 1.417004 1.386575 1.167311 1.566004 1.974813 2.230916 1.353932 1.955101 1.617706 1.820453 1.857831 1.908315 2.074642 1.919001 2.353740 1.971326 2.093985 2.036932 2.089269 2.118159 1.712502 2.139348 2.013813 2.247869 2.077722 2.144380 1.887437 0.000000 1.449731 2.119467 1.693388 2.122369 2.112126 2.154529 1.849626 2.109231 2.258708 
2.105500 2.124962 2.124270 2.081268 2.123525 2.000545 2.046105 2.079523 2.091680 2.279102 2.072862 2.064886 2.179899 2.277216 1.976005 2.276740 1.892593 2.105255 2.200631 2.133763 1.611411 2.155906 2.126272 1.948382 1.844581 1.651463 2.073723 2.248905 2.150024 1.604654 2.166615 2.138155 2.019176 1.984044 2.082151 2.041837 2.054225 2.440420 2.249585 2.135827 2.287465 2.215432 2.268883 1.984411 2.192143 2.176103 2.414778 2.176123 2.149529 1.953661 1.449731 0.000000 2.248929 2.023954 2.131627 2.182270 2.326261 2.175805 2.192690 2.225538 
1.619381 1.266643 2.063018 1.999256 1.570264 1.446117 1.663390 2.165103 1.492867 1.655643 1.951445 1.939920 1.676824 1.447609 1.954456 1.744192 1.283538 1.816838 1.468148 2.080526 2.221758 1.754594 1.470788 2.112122 2.141627 2.132940 1.862880 1.522415 1.825601 2.130826 1.498890 2.110455 1.940508 1.559005 1.293671 1.890949 1.517254 1.388670 1.503383 1.538108 1.555819 1.378510 1.367617 2.259945 1.888206 1.787521 1.586198 1.573714 1.945073 2.151207 2.119467 2.248929 0.000000 1.897204 1.772047 1.696211 1.945165 1.799826 1.956022 2.187314 
1.959311 1.592198 2.109320 1.374237 1.372193 1.616049 1.891422 2.255841 1.492837 1.744305 1.979295 1.969476 1.948078 1.946322 1.214741 1.942350 1.948433 1.975350 1.719699 2.156440 1.833695 1.948692 1.836624 1.580772 1.596014 1.617569 1.222394 1.704447 2.082505 1.796221 1.598491 1.468158 1.435267 2.048887 1.781357 2.114433 1.934441 1.939824 1.762926 1.760060 1.614604 1.770910 1.777369 1.712634 1.672182 1.489570 2.038106 1.827919 2.080386 1.644716 1.693388 2.023954 1.897204 0.000000 1.952132 1.782365 2.187432 1.899437 2.042776 2.281130 
1.557109 1.389125 2.088287 1.854513 1.670581 1.754256 1.643176 2.150007 1.842368 1.693520 1.917909 1.902435 1.578175 1.613487 1.998694 1.952019 1.438229 1.681367 1.655804 1.874739 2.241291 1.754939 1.565133 1.990267 2.105144 2.210564 1.821811 1.867102 1.822489 2.297353 1.386373 2.129131 2.101006 1.462368 1.729810 1.493689 1.663892 1.785375 1.461972 1.409000 1.639522 1.573767 1.641435 1.922669 2.220597 1.755304 1.831867 1.608323 1.605708 2.175510 2.122369 2.131627 1.772047 1.952132 0.000000 1.591851 1.918932 1.536036 1.324499 2.242996 
1.046057 1.328395 1.715032 1.668307 1.600666 1.577310 1.357154 1.824473 1.564482 1.647752 1.419276 1.388301 2.059592 1.562481 1.973669 1.908455 1.529157 1.368010 1.622609 1.537577 2.234819 1.753521 1.597800 1.996510 2.135544 2.209036 1.622788 1.697544 1.302392 2.313350 1.274043 2.102857 2.025484 1.710095 1.491273 1.772795 1.487634 1.495527 1.187391 1.212880 1.600277 1.389562 1.378077 1.804418 2.024820 1.497356 1.452031 1.178108 1.269502 2.075135 2.112126 2.182270 1.696211 1.782365 1.591851 0.000000 1.459599 1.384810 1.272792 2.114101 
1.724488 1.966363 2.148108 1.988072 1.985160 1.953387 1.709404 1.667828 2.049585 2.127254 1.745080 1.716973 1.841578 1.724331 2.105793 2.005141 1.823350 2.054794 1.922538 1.685016 2.363056 1.915951 1.710201 2.264501 2.290262 2.293004 2.076412 1.845697 1.420857 2.320970 1.765050 2.274019 2.057297 2.054861 1.792741 1.359360 1.706545 1.708633 1.806831 1.746772 1.898977 1.745832 1.705003 2.060760 2.070682 1.854064 1.642516 1.643814 1.518655 2.423680 2.154529 2.326261 1.945165 2.187432 1.918932 1.459599 0.000000 1.448035 1.700280 2.272867 
1.461237 1.454041 2.059055 1.797416 1.780672 1.630846 1.599470 2.108486 1.840357 1.852056 1.948853 1.931606 1.677686 1.522471 1.943328 1.793906 1.497117 1.876503 1.698814 1.939338 2.073149 1.834906 1.539012 1.912744 1.923642 2.101520 1.626780 1.765849 1.928856 2.134684 1.449884 2.101734 1.958626 1.694885 1.511855 1.579970 1.384980 1.596536 1.242793 1.545877 1.646042 1.533229 1.582474 1.776254 2.105360 1.700528 1.721453 1.527021 1.760081 1.980206 1.849626 2.175805 1.799826 1.899437 1.536036 1.384810 1.448035 0.000000 1.708278 2.293866 
1.583008 1.674684 2.004537 1.985103 1.913998 1.817631 1.753682 1.888321 2.029348 1.793963 1.493762 1.463718 1.653624 1.879584 2.013108 1.958742 1.714814 1.726151 2.025597 1.482263 2.223660 1.925596 1.742937 2.077240 2.228564 2.269863 2.064265 2.061853 1.457318 2.240365 1.854982 2.145211 2.165978 1.530955 1.948056 1.607401 1.838982 1.977234 1.925169 1.751054 1.926763 1.751021 1.707796 2.070044 2.088201 1.849149 1.702333 1.589811 1.347580 2.217390 2.109231 2.192690 1.956022 2.042776 1.324499 1.272792 1.700280 1.708278 0.000000 2.140177 
2.070886 2.156255 2.083969 2.211244 2.053185 2.029371 2.004626 2.158946 2.156904 2.160487 2.013177 2.005417 2.240089 2.290776 2.273742 2.289059 2.096857 2.203484 2.157541 2.108246 2.304797 1.957646 1.918518 2.070512 2.267304 2.279171 2.337319 2.095859 2.036977 2.325583 2.160097 2.067622 2.230364 2.084643 2.064832 2.247967 2.180667 2.330530 2.230991 2.170309 2.308089 2.232745 2.178236 2.220192 2.108578 2.055781 2.196509 2.081832 2.258089 2.115531 2.258708 2.225538 2.187314 2.281130 2.242996 2.114101 2.272867 2.293866 2.140177 0.000000 
